X ~ binomial(30, 0.03)
Media de X = 0.9
Desvio-padrao de X = 0.93
Binomial(30, 0.03) semelhante a Poisson(0.9)

    X probbinom probPois
1   0  0.401007 0.406570
2   1  0.372068 0.365913
3   2  0.166855 0.164661
4   3  0.048164 0.049398
5   4  0.010055 0.011115
6   5  0.001617 0.002001
7   6  0.000208 0.000300
8   7  0.000022 0.000039
9   8  0.000002 0.000004
10  9  0.000000 0.000000
11 10  0.000000 0.000000
12 11  0.000000 0.000000
13 12  0.000000 0.000000
14 13  0.000000 0.000000
15 14  0.000000 0.000000
16 15  0.000000 0.000000
17 16  0.000000 0.000000
18 17  0.000000 0.000000
19 18  0.000000 0.000000
20 19  0.000000 0.000000
21 20  0.000000 0.000000
22 21  0.000000 0.000000
23 22  0.000000 0.000000
24 23  0.000000 0.000000
25 24  0.000000 0.000000
26 25  0.000000 0.000000
27 26  0.000000 0.000000
28 27  0.000000 0.000000
29 28  0.000000 0.000000
30 29  0.000000 0.000000
31 30  0.000000 0.000000
